25	1
29	1
47	1
50	1
51	1
77	1
83	1
109	1
114	1
119	1
137	1
148	1
160	1
165	1
171	1
186	1
212	1
224	1
251	1
257	1
269	1
281	1
284	1
290	1
292	1
295	1
314	1
327	1
346	1
359	1
370	1
383	1
385	1
387	1
393	1
397	1
399	1
403	1
406	1
411	1
437	1
440	1
443	1
447	1
449	1
457	1
464	1
479	1
486	1
500	1
501	1
517	1
534	1
565	1
569	1
580	1
585	1
609	1
619	1
628	1
655	1
657	1
668	1
674	1
704	1
707	1
713	1
725	1
730	1
738	1
753	1
765	1
774	1
776	1
788	1
1	2
37	2
41	2
43	2
50	2
51	2
71	2
91	2
107	2
109	2
114	2
115	2
119	2
121	2
135	2
140	2
142	2
148	2
151	2
153	2
160	2
164	2
165	2
171	2
173	2
174	2
175	2
182	2
200	2
209	2
211	2
220	2
221	2
223	2
224	2
228	2
231	2
233	2
239	2
252	2
254	2
264	2
269	2
274	2
276	2
280	2
281	2
284	2
286	2
295	2
306	2
308	2
312	2
314	2
336	2
338	2
353	2
355	2
357	2
358	2
361	2
364	2
367	2
370	2
387	2
388	2
390	2
393	2
397	2
403	2
414	2
419	2
424	2
428	2
432	2
437	2
447	2
448	2
455	2
457	2
471	2
479	2
486	2
500	2
501	2
503	2
509	2
512	2
513	2
516	2
517	2
520	2
534	2
536	2
558	2
564	2
565	2
566	2
569	2
572	2
577	2
580	2
584	2
589	2
600	2
616	2
619	2
624	2
627	2
628	2
630	2
632	2
638	2
644	2
651	2
652	2
653	2
654	2
660	2
662	2
668	2
674	2
686	2
690	2
693	2
694	2
704	2
707	2
713	2
716	2
719	2
720	2
738	2
745	2
750	2
753	2
755	2
760	2
763	2
767	2
768	2
778	2
787	2
788	2
1	3
2	3
6	3
9	3
13	3
14	3
19	3
21	3
23	3
24	3
25	3
27	3
31	3
32	3
33	3
34	3
35	3
37	3
41	3
43	3
47	3
49	3
50	3
51	3
54	3
55	3
56	3
59	3
61	3
62	3
71	3
72	3
76	3
78	3
80	3
83	3
91	3
93	3
95	3
102	3
109	3
110	3
111	3
113	3
114	3
115	3
119	3
121	3
122	3
124	3
125	3
126	3
127	3
129	3
131	3
132	3
133	3
135	3
137	3
139	3
140	3
141	3
142	3
143	3
148	3
151	3
153	3
158	3
160	3
164	3
165	3
170	3
171	3
173	3
174	3
175	3
179	3
181	3
186	3
188	3
189	3
194	3
200	3
204	3
205	3
207	3
211	3
212	3
218	3
220	3
221	3
222	3
223	3
224	3
225	3
227	3
228	3
230	3
231	3
232	3
233	3
239	3
240	3
245	3
248	3
250	3
251	3
252	3
253	3
257	3
258	3
259	3
261	3
262	3
269	3
273	3
274	3
275	3
276	3
278	3
279	3
280	3
281	3
284	3
285	3
286	3
290	3
291	3
295	3
298	3
300	3
301	3
302	3
304	3
306	3
307	3
312	3
313	3
314	3
318	3
322	3
323	3
325	3
327	3
331	3
334	3
336	3
337	3
338	3
346	3
349	3
353	3
355	3
358	3
359	3
361	3
366	3
367	3
370	3
378	3
379	3
387	3
388	3
389	3
390	3
392	3
393	3
394	3
395	3
397	3
399	3
400	3
403	3
405	3
407	3
411	3
414	3
419	3
422	3
424	3
428	3
429	3
432	3
434	3
435	3
437	3
440	3
443	3
445	3
447	3
448	3
449	3
453	3
455	3
456	3
457	3
459	3
462	3
463	3
464	3
469	3
470	3
471	3
473	3
479	3
482	3
483	3
485	3
486	3
487	3
491	3
494	3
495	3
500	3
501	3
502	3
503	3
509	3
513	3
514	3
517	3
520	3
527	3
529	3
530	3
531	3
534	3
536	3
537	3
541	3
542	3
553	3
558	3
561	3
563	3
565	3
567	3
568	3
569	3
570	3
574	3
577	3
578	3
580	3
582	3
584	3
585	3
586	3
588	3
589	3
590	3
591	3
596	3
598	3
600	3
604	3
609	3
614	3
616	3
619	3
623	3
627	3
628	3
630	3
632	3
633	3
637	3
639	3
643	3
644	3
646	3
647	3
648	3
650	3
651	3
652	3
653	3
654	3
655	3
656	3
660	3
662	3
663	3
667	3
668	3
670	3
674	3
675	3
676	3
677	3
681	3
686	3
688	3
690	3
692	3
693	3
694	3
697	3
698	3
701	3
704	3
707	3
712	3
713	3
716	3
718	3
719	3
721	3
724	3
725	3
730	3
732	3
733	3
734	3
738	3
745	3
746	3
748	3
749	3
750	3
753	3
754	3
755	3
760	3
762	3
765	3
766	3
767	3
770	3
773	3
774	3
776	3
778	3
781	3
783	3
786	3
787	3
788	3
17	4
34	4
43	4
50	4
51	4
64	4
90	4
109	4
114	4
119	4
121	4
139	4
140	4
159	4
165	4
179	4
186	4
212	4
224	4
252	4
257	4
269	4
274	4
275	4
278	4
281	4
284	4
290	4
295	4
327	4
330	4
336	4
353	4
370	4
373	4
393	4
400	4
403	4
411	4
440	4
447	4
449	4
450	4
457	4
459	4
470	4
486	4
500	4
501	4
503	4
509	4
534	4
564	4
565	4
569	4
580	4
619	4
628	4
633	4
650	4
652	4
663	4
668	4
674	4
675	4
693	4
694	4
701	4
716	4
719	4
738	4
741	4
753	4
774	4
776	4
781	4
788	4
1	5
2	5
3	5
9	5
14	5
17	5
19	5
24	5
25	5
28	5
35	5
36	5
41	5
42	5
43	5
47	5
51	5
53	5
55	5
56	5
61	5
71	5
72	5
76	5
80	5
83	5
91	5
107	5
110	5
113	5
114	5
115	5
119	5
121	5
124	5
126	5
127	5
135	5
137	5
139	5
140	5
146	5
148	5
151	5
152	5
153	5
159	5
160	5
161	5
164	5
165	5
171	5
173	5
174	5
175	5
178	5
186	5
188	5
200	5
207	5
209	5
211	5
212	5
220	5
221	5
222	5
223	5
224	5
228	5
231	5
233	5
239	5
245	5
250	5
251	5
252	5
255	5
257	5
259	5
261	5
262	5
269	5
272	5
276	5
278	5
280	5
281	5
285	5
290	5
295	5
301	5
303	5
304	5
306	5
307	5
308	5
311	5
312	5
314	5
325	5
327	5
332	5
334	5
336	5
337	5
346	5
353	5
355	5
358	5
359	5
361	5
367	5
370	5
372	5
373	5
376	5
381	5
387	5
388	5
389	5
390	5
392	5
393	5
399	5
400	5
401	5
402	5
403	5
405	5
406	5
411	5
414	5
416	5
424	5
428	5
432	5
440	5
448	5
449	5
453	5
454	5
455	5
457	5
459	5
461	5
464	5
473	5
477	5
479	5
486	5
491	5
494	5
500	5
501	5
503	5
506	5
517	5
520	5
524	5
525	5
529	5
530	5
534	5
537	5
546	5
553	5
558	5
565	5
566	5
567	5
568	5
569	5
574	5
577	5
578	5
580	5
582	5
584	5
585	5
589	5
600	5
603	5
604	5
609	5
616	5
619	5
627	5
628	5
630	5
632	5
636	5
642	5
643	5
644	5
645	5
646	5
650	5
651	5
652	5
653	5
654	5
656	5
659	5
660	5
663	5
668	5
669	5
670	5
674	5
675	5
676	5
678	5
681	5
686	5
688	5
690	5
692	5
693	5
694	5
701	5
713	5
714	5
716	5
719	5
725	5
729	5
732	5
733	5
738	5
740	5
741	5
745	5
748	5
749	5
750	5
753	5
754	5
755	5
760	5
765	5
766	5
767	5
772	5
773	5
774	5
776	5
778	5
787	5
788	5
2	6
9	6
12	6
14	6
17	6
21	6
25	6
34	6
35	6
37	6
43	6
47	6
50	6
51	6
52	6
55	6
56	6
57	6
59	6
60	6
62	6
67	6
71	6
72	6
77	6
81	6
83	6
90	6
91	6
102	6
104	6
109	6
111	6
113	6
114	6
115	6
119	6
121	6
122	6
124	6
126	6
127	6
130	6
131	6
133	6
134	6
135	6
139	6
140	6
141	6
142	6
144	6
146	6
147	6
148	6
149	6
152	6
153	6
154	6
158	6
161	6
162	6
164	6
165	6
167	6
171	6
173	6
175	6
179	6
186	6
188	6
189	6
190	6
200	6
204	6
207	6
209	6
212	6
218	6
220	6
222	6
223	6
224	6
228	6
230	6
231	6
233	6
234	6
239	6
240	6
248	6
252	6
257	6
259	6
261	6
266	6
268	6
269	6
274	6
275	6
280	6
281	6
284	6
285	6
286	6
288	6
291	6
292	6
294	6
295	6
299	6
301	6
304	6
308	6
311	6
314	6
315	6
318	6
323	6
325	6
327	6
336	6
337	6
346	6
351	6
352	6
353	6
355	6
359	6
366	6
367	6
370	6
372	6
383	6
387	6
388	6
389	6
390	6
391	6
392	6
393	6
396	6
397	6
399	6
400	6
401	6
403	6
405	6
406	6
407	6
411	6
414	6
419	6
424	6
428	6
432	6
437	6
440	6
447	6
448	6
449	6
453	6
457	6
459	6
462	6
464	6
471	6
477	6
479	6
482	6
486	6
490	6
491	6
493	6
494	6
500	6
501	6
503	6
509	6
512	6
513	6
514	6
517	6
518	6
520	6
522	6
528	6
530	6
531	6
534	6
535	6
536	6
537	6
540	6
541	6
545	6
553	6
554	6
558	6
560	6
561	6
564	6
565	6
566	6
567	6
568	6
569	6
570	6
574	6
577	6
578	6
580	6
582	6
584	6
585	6
588	6
589	6
592	6
593	6
600	6
604	6
608	6
609	6
611	6
613	6
616	6
619	6
624	6
627	6
628	6
633	6
634	6
637	6
638	6
639	6
643	6
644	6
648	6
650	6
651	6
652	6
653	6
654	6
655	6
656	6
659	6
660	6
667	6
668	6
669	6
674	6
675	6
676	6
678	6
681	6
686	6
688	6
690	6
692	6
693	6
694	6
696	6
698	6
701	6
704	6
707	6
712	6
716	6
718	6
719	6
720	6
724	6
728	6
730	6
733	6
734	6
735	6
738	6
742	6
745	6
748	6
749	6
750	6
751	6
753	6
755	6
762	6
765	6
767	6
774	6
776	6
778	6
787	6
788	6
119	7
121	7
140	7
165	7
186	7
212	7
261	7
269	7
346	7
397	7
403	7
414	7
417	7
447	7
449	7
455	7
501	7
534	7
619	7
628	7
644	7
738	7
765	7
767	7
776	7
1	8
50	8
83	8
119	8
173	8
212	8
233	8
239	8
262	8
306	8
314	8
337	8
361	8
370	8
374	8
397	8
403	8
444	8
447	8
455	8
486	8
567	8
580	8
600	8
636	8
644	8
651	8
660	8
668	8
676	8
693	8
704	8
767	8
1	9
2	9
6	9
9	9
13	9
14	9
15	9
17	9
19	9
21	9
22	9
23	9
24	9
25	9
27	9
28	9
31	9
32	9
34	9
35	9
36	9
37	9
41	9
42	9
43	9
45	9
46	9
47	9
50	9
55	9
56	9
59	9
60	9
61	9
62	9
63	9
66	9
67	9
71	9
72	9
74	9
76	9
77	9
79	9
83	9
88	9
91	9
100	9
101	9
109	9
111	9
113	9
114	9
115	9
119	9
121	9
124	9
126	9
127	9
132	9
133	9
135	9
137	9
139	9
140	9
142	9
143	9
144	9
145	9
146	9
148	9
149	9
152	9
153	9
154	9
158	9
159	9
160	9
164	9
165	9
171	9
173	9
174	9
175	9
179	9
186	9
188	9
189	9
190	9
197	9
200	9
203	9
204	9
207	9
208	9
209	9
211	9
212	9
217	9
218	9
220	9
221	9
222	9
223	9
224	9
227	9
228	9
230	9
231	9
233	9
237	9
239	9
248	9
250	9
251	9
252	9
253	9
254	9
255	9
256	9
257	9
259	9
261	9
262	9
267	9
269	9
273	9
274	9
275	9
276	9
278	9
280	9
281	9
282	9
284	9
285	9
286	9
287	9
291	9
292	9
294	9
295	9
299	9
301	9
304	9
306	9
307	9
308	9
309	9
310	9
311	9
312	9
314	9
316	9
318	9
319	9
320	9
321	9
322	9
325	9
326	9
327	9
334	9
335	9
336	9
337	9
338	9
345	9
346	9
349	9
351	9
353	9
355	9
357	9
358	9
359	9
361	9
362	9
366	9
367	9
368	9
370	9
372	9
373	9
374	9
379	9
381	9
383	9
386	9
387	9
388	9
389	9
390	9
392	9
393	9
396	9
397	9
399	9
400	9
403	9
405	9
406	9
407	9
408	9
409	9
411	9
412	9
414	9
416	9
417	9
421	9
424	9
425	9
427	9
428	9
432	9
437	9
438	9
440	9
443	9
447	9
448	9
449	9
455	9
456	9
457	9
459	9
461	9
462	9
464	9
465	9
467	9
470	9
471	9
474	9
477	9
478	9
479	9
482	9
483	9
486	9
490	9
491	9
494	9
500	9
501	9
502	9
503	9
505	9
506	9
512	9
513	9
514	9
516	9
517	9
520	9
525	9
526	9
530	9
531	9
534	9
537	9
540	9
545	9
548	9
550	9
553	9
558	9
560	9
561	9
564	9
565	9
566	9
567	9
568	9
569	9
570	9
574	9
577	9
578	9
580	9
582	9
584	9
585	9
588	9
589	9
591	9
593	9
596	9
598	9
600	9
602	9
603	9
604	9
608	9
609	9
614	9
615	9
616	9
619	9
624	9
627	9
628	9
630	9
631	9
632	9
633	9
634	9
636	9
640	9
642	9
643	9
644	9
646	9
650	9
651	9
653	9
654	9
655	9
656	9
659	9
660	9
662	9
664	9
668	9
669	9
670	9
674	9
675	9
676	9
678	9
681	9
686	9
688	9
690	9
692	9
693	9
694	9
697	9
698	9
701	9
703	9
704	9
707	9
712	9
713	9
716	9
718	9
719	9
720	9
723	9
724	9
725	9
726	9
727	9
728	9
730	9
732	9
734	9
737	9
738	9
740	9
741	9
745	9
746	9
748	9
749	9
750	9
751	9
753	9
754	9
755	9
756	9
758	9
760	9
762	9
765	9
766	9
767	9
768	9
773	9
774	9
775	9
776	9
778	9
781	9
786	9
787	9
788	9
47	10
102	10
109	10
115	10
142	10
186	10
212	10
250	10
278	10
281	10
291	10
336	10
346	10
353	10
358	10
370	10
388	10
399	10
437	10
440	10
449	10
464	10
479	10
500	10
501	10
520	10
569	10
580	10
584	10
588	10
600	10
619	10
652	10
654	10
675	10
694	10
713	10
716	10
730	10
737	10
749	10
755	10
34	11
59	11
83	11
109	11
121	11
127	11
135	11
140	11
142	11
148	11
152	11
153	11
164	11
171	11
175	11
188	11
220	11
223	11
224	11
228	11
231	11
239	11
269	11
281	11
295	11
301	11
325	11
327	11
353	11
361	11
362	11
367	11
370	11
373	11
387	11
392	11
393	11
411	11
424	11
428	11
432	11
443	11
449	11
457	11
479	11
486	11
494	11
501	11
503	11
507	11
509	11
517	11
527	11
534	11
557	11
561	11
574	11
580	11
585	11
608	11
618	11
650	11
653	11
662	11
673	11
674	11
675	11
677	11
690	11
692	11
693	11
694	11
701	11
704	11
741	11
745	11
787	11
788	11
1	12
28	12
77	12
83	12
114	12
119	12
121	12
126	12
139	12
140	12
148	12
165	12
171	12
173	12
212	12
231	12
233	12
239	12
241	12
262	12
269	12
295	12
306	12
308	12
327	12
361	12
388	12
393	12
399	12
400	12
411	12
437	12
441	12
455	12
500	12
517	12
526	12
534	12
537	12
558	12
580	12
585	12
600	12
609	12
628	12
633	12
639	12
643	12
644	12
651	12
656	12
660	12
686	12
693	12
694	12
697	12
701	12
718	12
720	12
730	12
738	12
755	12
767	12
787	12
788	12
9	13
34	13
77	13
114	13
119	13
142	13
148	13
160	13
186	13
231	13
269	13
275	13
281	13
304	13
334	13
370	13
393	13
399	13
447	13
464	13
486	13
500	13
534	13
564	13
565	13
569	13
580	13
619	13
652	13
668	13
670	13
674	13
694	13
725	13
788	13
1	14
2	14
14	14
22	14
27	14
34	14
37	14
43	14
47	14
50	14
51	14
56	14
59	14
61	14
62	14
67	14
83	14
90	14
91	14
102	14
107	14
109	14
112	14
114	14
115	14
121	14
122	14
124	14
125	14
126	14
127	14
131	14
132	14
135	14
140	14
144	14
148	14
153	14
160	14
165	14
171	14
173	14
174	14
188	14
189	14
197	14
200	14
207	14
209	14
212	14
218	14
220	14
221	14
222	14
223	14
224	14
228	14
231	14
233	14
239	14
240	14
244	14
250	14
251	14
256	14
257	14
259	14
261	14
262	14
269	14
275	14
280	14
281	14
284	14
285	14
286	14
292	14
295	14
299	14
300	14
301	14
304	14
306	14
308	14
311	14
314	14
327	14
336	14
338	14
353	14
355	14
359	14
361	14
366	14
370	14
373	14
387	14
388	14
389	14
390	14
391	14
392	14
393	14
395	14
397	14
399	14
400	14
403	14
406	14
417	14
424	14
425	14
428	14
432	14
437	14
440	14
442	14
443	14
447	14
449	14
453	14
455	14
457	14
459	14
464	14
465	14
467	14
471	14
473	14
479	14
486	14
488	14
500	14
501	14
503	14
509	14
517	14
520	14
526	14
531	14
534	14
537	14
552	14
558	14
561	14
565	14
569	14
577	14
578	14
580	14
582	14
584	14
585	14
588	14
589	14
595	14
600	14
603	14
609	14
614	14
619	14
621	14
624	14
627	14
628	14
630	14
632	14
633	14
636	14
639	14
642	14
644	14
646	14
648	14
651	14
653	14
656	14
660	14
662	14
668	14
670	14
674	14
675	14
676	14
686	14
690	14
693	14
694	14
697	14
698	14
701	14
704	14
707	14
709	14
712	14
716	14
719	14
724	14
725	14
730	14
738	14
741	14
745	14
746	14
748	14
750	14
753	14
754	14
755	14
760	14
766	14
767	14
776	14
787	14
788	14
9	15
50	15
55	15
179	15
233	15
261	15
280	15
281	15
295	15
393	15
447	15
479	15
500	15
509	15
577	15
580	15
628	15
694	15
1	16
14	16
34	16
43	16
51	16
59	16
60	16
91	16
108	16
113	16
114	16
119	16
121	16
127	16
130	16
135	16
137	16
140	16
142	16
148	16
151	16
152	16
160	16
164	16
165	16
173	16
186	16
188	16
203	16
204	16
207	16
209	16
212	16
218	16
228	16
231	16
239	16
257	16
259	16
261	16
269	16
274	16
275	16
278	16
280	16
281	16
284	16
295	16
306	16
308	16
327	16
334	16
336	16
346	16
361	16
366	16
367	16
370	16
374	16
381	16
387	16
390	16
391	16
392	16
393	16
397	16
405	16
406	16
411	16
417	16
424	16
428	16
437	16
440	16
447	16
449	16
450	16
455	16
459	16
462	16
479	16
482	16
486	16
500	16
501	16
507	16
517	16
518	16
534	16
557	16
561	16
564	16
565	16
569	16
580	16
584	16
585	16
600	16
619	16
628	16
632	16
633	16
644	16
646	16
651	16
654	16
660	16
668	16
674	16
675	16
678	16
693	16
694	16
713	16
716	16
718	16
719	16
725	16
732	16
738	16
748	16
753	16
754	16
760	16
765	16
767	16
774	16
776	16
781	16
788	16
137	17
140	17
148	17
165	17
174	17
228	17
275	17
295	17
366	17
390	17
462	17
486	17
565	17
569	17
585	17
628	17
633	17
668	17
788	17
1	18
27	18
37	18
47	18
113	18
114	18
115	18
127	18
173	18
175	18
239	18
250	18
269	18
306	18
353	18
373	18
392	18
393	18
399	18
405	18
414	18
432	18
443	18
449	18
455	18
456	18
464	18
486	18
527	18
553	18
580	18
628	18
644	18
650	18
651	18
657	18
660	18
668	18
693	18
694	18
741	18
754	18
765	18
767	18
776	18
781	18
121	19
142	19
173	19
220	19
233	19
239	19
261	19
337	19
361	19
455	19
584	19
644	19
660	19
690	19
693	19
701	19
753	19
1	20
2	20
9	20
14	20
17	20
34	20
37	20
43	20
50	20
55	20
56	20
64	20
83	20
87	20
90	20
91	20
100	20
110	20
111	20
113	20
115	20
119	20
121	20
127	20
135	20
140	20
142	20
148	20
152	20
153	20
163	20
165	20
171	20
173	20
174	20
175	20
179	20
184	20
188	20
212	20
220	20
222	20
223	20
231	20
233	20
239	20
250	20
252	20
257	20
261	20
262	20
267	20
269	20
274	20
275	20
276	20
280	20
281	20
285	20
286	20
295	20
299	20
301	20
304	20
306	20
312	20
325	20
327	20
340	20
351	20
353	20
355	20
361	20
366	20
370	20
372	20
373	20
374	20
388	20
390	20
392	20
393	20
399	20
405	20
411	20
432	20
437	20
443	20
445	20
447	20
448	20
449	20
455	20
457	20
459	20
462	20
471	20
479	20
486	20
491	20
496	20
498	20
500	20
509	20
512	20
513	20
514	20
517	20
519	20
520	20
527	20
533	20
534	20
543	20
553	20
555	20
558	20
561	20
565	20
567	20
577	20
580	20
581	20
584	20
585	20
588	20
594	20
600	20
619	20
632	20
644	20
650	20
651	20
652	20
654	20
655	20
656	20
660	20
662	20
663	20
668	20
674	20
675	20
690	20
693	20
694	20
698	20
701	20
704	20
707	20
712	20
719	20
724	20
730	20
741	20
745	20
747	20
748	20
755	20
760	20
766	20
767	20
776	20
781	20
787	20
788	20
1	21
43	21
50	21
51	21
119	21
137	21
148	21
171	21
173	21
179	21
186	21
239	21
269	21
274	21
279	21
295	21
304	21
306	21
346	21
393	21
417	21
432	21
447	21
448	21
455	21
479	21
486	21
491	21
500	21
501	21
516	21
525	21
580	21
619	21
644	21
651	21
660	21
668	21
693	21
694	21
716	21
753	21
767	21
78	22
130	22
164	22
188	22
257	22
269	22
304	22
314	22
459	22
534	22
578	22
584	22
588	22
650	22
693	22
765	22
11	23
25	23
35	23
43	23
56	23
72	23
79	23
101	23
115	23
121	23
139	23
153	23
167	23
174	23
178	23
182	23
187	23
222	23
239	23
250	23
269	23
276	23
281	23
285	23
287	23
312	23
333	23
338	23
339	23
350	23
370	23
421	23
425	23
427	23
461	23
470	23
488	23
497	23
503	23
602	23
624	23
628	23
646	23
651	23
653	23
655	23
656	23
681	23
716	23
735	23
737	23
751	23
767	23
768	23
781	23
787	23
115	24
160	24
278	24
569	24
725	24
55	25
121	25
140	25
165	25
479	25
501	25
509	25
676	25
281	26
295	26
393	26
479	26
628	26
9	27
20	27
28	27
43	27
47	27
59	27
60	27
71	27
83	27
115	27
121	27
122	27
135	27
139	27
140	27
148	27
160	27
164	27
165	27
171	27
197	27
212	27
222	27
224	27
238	27
239	27
257	27
259	27
261	27
269	27
278	27
280	27
281	27
284	27
285	27
295	27
299	27
311	27
314	27
327	27
336	27
337	27
338	27
353	27
388	27
391	27
392	27
393	27
396	27
399	27
403	27
411	27
425	27
432	27
437	27
440	27
470	27
479	27
486	27
494	27
500	27
515	27
534	27
537	27
565	27
569	27
577	27
580	27
582	27
585	27
587	27
589	27
616	27
619	27
628	27
642	27
644	27
646	27
650	27
656	27
660	27
663	27
668	27
670	27
686	27
688	27
690	27
693	27
694	27
704	27
712	27
716	27
718	27
725	27
738	27
748	27
753	27
754	27
765	27
788	27
14	28
43	28
50	28
99	28
115	28
119	28
132	28
140	28
148	28
165	28
224	28
261	28
269	28
281	28
284	28
304	28
314	28
370	28
388	28
390	28
393	28
411	28
424	28
437	28
447	28
457	28
464	28
500	28
503	28
580	28
585	28
592	28
600	28
619	28
628	28
639	28
643	28
670	28
694	28
716	28
719	28
720	28
748	28
765	28
788	28
142	29
153	29
220	29
223	29
224	29
252	29
261	29
295	29
353	29
393	29
428	29
432	29
448	29
500	29
520	29
580	29
619	29
628	29
654	29
675	29
694	29
701	29
745	29
755	29
27	30
126	30
220	30
257	30
269	30
393	30
471	30
517	30
580	30
701	30
745	30
1	31
9	31
14	31
17	31
28	31
37	31
43	31
46	31
50	31
55	31
56	31
68	31
71	31
83	31
91	31
100	31
102	31
109	31
112	31
113	31
114	31
115	31
119	31
121	31
122	31
124	31
126	31
127	31
139	31
140	31
142	31
148	31
149	31
151	31
153	31
160	31
164	31
165	31
171	31
173	31
175	31
178	31
179	31
186	31
188	31
189	31
197	31
204	31
207	31
209	31
211	31
212	31
220	31
222	31
223	31
224	31
225	31
228	31
231	31
233	31
239	31
252	31
254	31
257	31
259	31
261	31
269	31
270	31
273	31
274	31
275	31
276	31
281	31
282	31
285	31
287	31
292	31
295	31
299	31
304	31
306	31
312	31
314	31
320	31
325	31
327	31
338	31
351	31
353	31
355	31
359	31
360	31
366	31
370	31
371	31
372	31
373	31
379	31
383	31
392	31
393	31
394	31
395	31
396	31
397	31
401	31
403	31
405	31
406	31
411	31
414	31
424	31
428	31
432	31
437	31
440	31
441	31
442	31
443	31
445	31
447	31
448	31
449	31
455	31
458	31
464	31
471	31
479	31
480	31
486	31
491	31
494	31
500	31
501	31
503	31
509	31
511	31
512	31
514	31
517	31
520	31
530	31
534	31
536	31
537	31
543	31
558	31
561	31
565	31
566	31
569	31
570	31
574	31
577	31
578	31
580	31
581	31
584	31
585	31
588	31
589	31
603	31
608	31
614	31
616	31
619	31
625	31
628	31
632	31
643	31
644	31
648	31
650	31
651	31
652	31
653	31
654	31
655	31
656	31
660	31
662	31
668	31
670	31
676	31
678	31
693	31
694	31
698	31
701	31
702	31
704	31
710	31
712	31
713	31
716	31
722	31
725	31
726	31
731	31
738	31
741	31
745	31
750	31
753	31
754	31
763	31
764	31
765	31
767	31
776	31
787	31
788	31
9	32
17	32
22	32
35	32
41	32
54	32
55	32
59	32
71	32
77	32
83	32
90	32
102	32
114	32
115	32
119	32
121	32
124	32
140	32
144	32
148	32
153	32
165	32
171	32
188	32
189	32
205	32
218	32
220	32
228	32
233	32
251	32
254	32
257	32
259	32
261	32
269	32
275	32
280	32
281	32
284	32
285	32
295	32
314	32
327	32
336	32
358	32
359	32
361	32
370	32
387	32
388	32
393	32
397	32
403	32
411	32
424	32
432	32
437	32
440	32
455	32
457	32
464	32
468	32
479	32
486	32
500	32
503	32
512	32
531	32
537	32
544	32
548	32
558	32
569	32
577	32
580	32
584	32
600	32
604	32
609	32
616	32
619	32
628	32
633	32
650	32
653	32
659	32
668	32
670	32
688	32
689	32
690	32
694	32
712	32
713	32
716	32
718	32
719	32
720	32
732	32
733	32
738	32
745	32
753	32
754	32
755	32
776	32
777	32
786	32
34	33
114	33
281	33
393	33
486	33
564	33
565	33
668	33
674	33
788	33
1	34
9	34
17	34
21	34
28	34
33	34
37	34
43	34
47	34
50	34
51	34
55	34
56	34
78	34
83	34
91	34
109	34
113	34
114	34
119	34
121	34
124	34
126	34
128	34
137	34
140	34
142	34
144	34
148	34
151	34
160	34
171	34
173	34
175	34
183	34
188	34
192	34
200	34
204	34
209	34
212	34
220	34
221	34
222	34
223	34
224	34
228	34
231	34
233	34
239	34
245	34
251	34
252	34
257	34
261	34
269	34
275	34
278	34
280	34
281	34
284	34
285	34
289	34
291	34
295	34
299	34
306	34
314	34
317	34
327	34
336	34
337	34
338	34
342	34
346	34
353	34
358	34
359	34
370	34
387	34
388	34
389	34
390	34
392	34
393	34
397	34
399	34
403	34
405	34
406	34
411	34
417	34
424	34
428	34
430	34
432	34
437	34
440	34
447	34
449	34
455	34
457	34
459	34
462	34
464	34
466	34
471	34
479	34
482	34
484	34
486	34
490	34
491	34
500	34
501	34
503	34
516	34
517	34
518	34
520	34
526	34
530	34
531	34
553	34
561	34
569	34
577	34
578	34
580	34
584	34
585	34
589	34
604	34
608	34
616	34
619	34
621	34
626	34
628	34
632	34
633	34
637	34
638	34
644	34
646	34
651	34
653	34
654	34
655	34
659	34
660	34
668	34
674	34
675	34
676	34
681	34
686	34
690	34
693	34
694	34
701	34
704	34
713	34
715	34
716	34
719	34
720	34
730	34
733	34
738	34
745	34
750	34
753	34
755	34
760	34
765	34
767	34
776	34
778	34
786	34
787	34
788	34
1	35
2	35
9	35
19	35
22	35
28	35
34	35
35	35
37	35
42	35
43	35
47	35
50	35
55	35
56	35
62	35
74	35
76	35
77	35
83	35
90	35
91	35
100	35
102	35
113	35
114	35
115	35
121	35
122	35
124	35
137	35
140	35
142	35
148	35
150	35
153	35
158	35
160	35
164	35
165	35
171	35
173	35
175	35
189	35
197	35
204	35
209	35
212	35
222	35
230	35
233	35
237	35
239	35
245	35
251	35
257	35
259	35
261	35
262	35
269	35
273	35
274	35
276	35
280	35
281	35
295	35
301	35
304	35
306	35
307	35
312	35
314	35
334	35
336	35
338	35
353	35
358	35
360	35
362	35
370	35
383	35
387	35
388	35
391	35
392	35
393	35
397	35
403	35
405	35
406	35
411	35
414	35
421	35
424	35
428	35
432	35
437	35
447	35
449	35
455	35
459	35
462	35
464	35
471	35
479	35
500	35
509	35
514	35
517	35
521	35
534	35
553	35
558	35
564	35
565	35
567	35
569	35
574	35
577	35
580	35
582	35
588	35
592	35
598	35
600	35
608	35
619	35
628	35
632	35
636	35
642	35
644	35
646	35
651	35
662	35
668	35
670	35
674	35
675	35
676	35
690	35
693	35
694	35
698	35
704	35
712	35
713	35
716	35
719	35
732	35
737	35
738	35
748	35
749	35
753	35
754	35
755	35
760	35
765	35
776	35
778	35
787	35
788	35
140	36
146	36
274	36
327	36
391	36
9	37
47	37
56	37
79	37
119	37
124	37
127	37
137	37
140	37
142	37
151	37
171	37
188	37
220	37
224	37
233	37
259	37
269	37
274	37
292	37
295	37
327	37
337	37
387	37
388	37
393	37
399	37
403	37
406	37
411	37
424	37
448	37
464	37
471	37
479	37
486	37
500	37
503	37
530	37
569	37
580	37
585	37
600	37
612	37
619	37
628	37
646	37
656	37
663	37
668	37
688	37
694	37
712	37
718	37
719	37
725	37
738	37
745	37
755	37
765	37
787	37
788	37
51	38
109	38
137	38
140	38
160	38
186	38
212	38
221	38
228	38
261	38
269	38
285	38
295	38
392	38
399	38
500	38
501	38
569	38
619	38
628	38
668	38
693	38
725	38
730	38
1	39
9	39
83	39
113	39
121	39
173	39
224	39
239	39
259	39
281	39
295	39
306	39
336	39
388	39
393	39
405	39
455	39
580	39
589	39
600	39
628	39
644	39
651	39
660	39
690	39
693	39
716	39
745	39
749	39
754	39
767	39
788	39
2	40
14	40
15	40
20	40
30	40
34	40
35	40
37	40
43	40
46	40
50	40
51	40
55	40
56	40
60	40
62	40
83	40
109	40
113	40
114	40
115	40
119	40
121	40
122	40
127	40
133	40
135	40
137	40
140	40
142	40
144	40
148	40
150	40
152	40
160	40
164	40
165	40
171	40
173	40
175	40
186	40
188	40
189	40
209	40
212	40
220	40
221	40
222	40
224	40
225	40
228	40
231	40
233	40
246	40
250	40
251	40
257	40
260	40
261	40
262	40
263	40
269	40
275	40
278	40
284	40
285	40
288	40
289	40
291	40
295	40
297	40
300	40
304	40
314	40
325	40
327	40
334	40
336	40
338	40
346	40
349	40
353	40
355	40
362	40
367	40
370	40
387	40
389	40
392	40
393	40
397	40
399	40
405	40
416	40
417	40
421	40
424	40
427	40
428	40
432	40
437	40
440	40
441	40
443	40
447	40
455	40
457	40
459	40
462	40
471	40
473	40
477	40
479	40
486	40
490	40
491	40
494	40
500	40
501	40
503	40
509	40
512	40
514	40
517	40
520	40
526	40
534	40
546	40
557	40
558	40
564	40
565	40
569	40
571	40
574	40
577	40
580	40
585	40
587	40
588	40
589	40
592	40
600	40
614	40
616	40
619	40
628	40
630	40
632	40
633	40
637	40
644	40
646	40
650	40
651	40
652	40
653	40
654	40
659	40
660	40
662	40
668	40
670	40
674	40
679	40
681	40
686	40
688	40
690	40
692	40
693	40
694	40
698	40
701	40
712	40
718	40
719	40
725	40
730	40
732	40
736	40
737	40
740	40
749	40
750	40
751	40
753	40
760	40
762	40
763	40
765	40
767	40
774	40
776	40
778	40
787	40
788	40
34	41
37	41
43	41
47	41
50	41
62	41
102	41
108	41
113	41
114	41
119	41
121	41
124	41
135	41
140	41
142	41
148	41
171	41
174	41
175	41
180	41
186	41
189	41
212	41
220	41
224	41
230	41
231	41
247	41
250	41
257	41
259	41
269	41
275	41
281	41
295	41
334	41
353	41
362	41
373	41
393	41
399	41
405	41
411	41
414	41
427	41
437	41
440	41
447	41
448	41
455	41
459	41
479	41
482	41
486	41
500	41
503	41
534	41
558	41
564	41
565	41
580	41
582	41
589	41
611	41
633	41
646	41
668	41
674	41
690	41
707	41
713	41
730	41
738	41
740	41
741	41
745	41
753	41
762	41
765	41
787	41
788	41
3	42
18	42
34	42
50	42
55	42
114	42
121	42
281	42
367	42
393	42
432	42
447	42
486	42
564	42
565	42
628	42
668	42
674	42
781	42
788	42
43	43
47	43
50	43
67	43
77	43
109	43
115	43
125	43
133	43
140	43
151	43
165	43
220	43
251	43
269	43
274	43
314	43
325	43
355	43
370	43
379	43
387	43
390	43
392	43
393	43
397	43
416	43
424	43
432	43
437	43
447	43
455	43
459	43
479	43
494	43
500	43
501	43
517	43
530	43
580	43
619	43
630	43
644	43
651	43
655	43
668	43
693	43
694	43
704	43
720	43
755	43
767	43
779	43
787	43
1	44
14	44
34	44
47	44
61	44
114	44
140	44
153	44
189	44
224	44
261	44
306	44
314	44
325	44
336	44
359	44
428	44
432	44
449	44
456	44
464	44
486	44
494	44
500	44
520	44
561	44
564	44
565	44
569	44
580	44
600	44
632	44
668	44
670	44
674	44
704	44
760	44
767	44
776	44
786	44
115	45
160	45
278	45
569	45
725	45
2	46
9	46
11	46
14	46
20	46
24	46
27	46
31	46
37	46
41	46
42	46
43	46
47	46
50	46
51	46
52	46
55	46
59	46
61	46
62	46
63	46
67	46
70	46
71	46
83	46
90	46
102	46
109	46
111	46
114	46
115	46
119	46
120	46
121	46
124	46
126	46
127	46
130	46
135	46
140	46
142	46
144	46
145	46
146	46
148	46
152	46
153	46
156	46
160	46
164	46
165	46
168	46
171	46
173	46
175	46
179	46
186	46
188	46
189	46
191	46
200	46
204	46
207	46
209	46
212	46
218	46
220	46
222	46
223	46
224	46
227	46
228	46
230	46
231	46
233	46
237	46
239	46
248	46
250	46
251	46
252	46
257	46
259	46
261	46
262	46
269	46
273	46
274	46
275	46
278	46
280	46
281	46
284	46
285	46
286	46
295	46
304	46
307	46
314	46
325	46
327	46
334	46
336	46
338	46
342	46
349	46
353	46
355	46
361	46
362	46
366	46
367	46
370	46
373	46
379	46
387	46
388	46
389	46
391	46
392	46
393	46
396	46
397	46
399	46
400	46
403	46
406	46
411	46
415	46
420	46
421	46
424	46
428	46
432	46
437	46
439	46
440	46
443	46
447	46
449	46
453	46
455	46
456	46
457	46
459	46
464	46
470	46
471	46
479	46
482	46
486	46
491	46
493	46
494	46
500	46
501	46
502	46
503	46
506	46
513	46
514	46
517	46
518	46
520	46
527	46
531	46
534	46
537	46
552	46
553	46
558	46
561	46
567	46
568	46
569	46
574	46
577	46
578	46
580	46
582	46
584	46
585	46
588	46
589	46
598	46
600	46
609	46
612	46
616	46
619	46
627	46
628	46
630	46
633	46
639	46
642	46
643	46
644	46
646	46
650	46
651	46
652	46
653	46
654	46
656	46
659	46
660	46
662	46
663	46
668	46
670	46
675	46
676	46
678	46
679	46
681	46
685	46
686	46
688	46
690	46
693	46
694	46
701	46
710	46
712	46
716	46
718	46
719	46
720	46
724	46
725	46
730	46
738	46
741	46
743	46
745	46
748	46
753	46
754	46
755	46
765	46
767	46
770	46
776	46
778	46
787	46
9	47
25	47
50	47
83	47
98	47
107	47
109	47
113	47
114	47
119	47
121	47
126	47
137	47
160	47
165	47
171	47
188	47
209	47
212	47
218	47
221	47
224	47
228	47
233	47
251	47
254	47
257	47
269	47
275	47
278	47
291	47
292	47
300	47
304	47
314	47
327	47
332	47
338	47
349	47
355	47
359	47
361	47
370	47
381	47
389	47
392	47
393	47
397	47
399	47
403	47
405	47
406	47
424	47
443	47
455	47
457	47
459	47
474	47
479	47
486	47
490	47
491	47
500	47
501	47
502	47
506	47
509	47
512	47
517	47
530	47
558	47
569	47
576	47
580	47
591	47
606	47
616	47
619	47
633	47
642	47
650	47
652	47
660	47
668	47
693	47
704	47
718	47
719	47
720	47
725	47
730	47
738	47
745	47
754	47
765	47
776	47
786	47
787	47
9	48
17	48
19	48
35	48
43	48
52	48
56	48
59	48
62	48
67	48
72	48
77	48
100	48
102	48
113	48
114	48
115	48
119	48
121	48
130	48
134	48
135	48
137	48
139	48
140	48
146	48
153	48
165	48
188	48
200	48
212	48
220	48
223	48
224	48
230	48
231	48
233	48
239	48
250	48
252	48
257	48
269	48
274	48
275	48
278	48
281	48
284	48
299	48
301	48
304	48
308	48
338	48
353	48
370	48
374	48
379	48
388	48
390	48
391	48
392	48
393	48
399	48
403	48
406	48
415	48
417	48
424	48
428	48
432	48
437	48
448	48
449	48
457	48
459	48
464	48
486	48
498	48
500	48
510	48
513	48
517	48
520	48
531	48
537	48
558	48
566	48
578	48
580	48
585	48
588	48
600	48
604	48
615	48
616	48
619	48
624	48
628	48
630	48
643	48
646	48
654	48
656	48
662	48
668	48
676	48
679	48
686	48
690	48
694	48
701	48
704	48
716	48
719	48
720	48
745	48
749	48
753	48
754	48
755	48
776	48
788	48
9	49
72	49
76	49
115	49
124	49
140	49
142	49
148	49
164	49
191	49
212	49
224	49
227	49
239	49
251	49
259	49
269	49
274	49
281	49
282	49
287	49
291	49
295	49
314	49
336	49
338	49
359	49
388	49
393	49
411	49
462	49
464	49
476	49
479	49
486	49
500	49
536	49
540	49
569	49
580	49
585	49
589	49
619	49
628	49
664	49
668	49
688	49
690	49
693	49
694	49
719	49
737	49
738	49
749	49
754	49
34	50
37	50
43	50
47	50
50	50
51	50
53	50
65	50
77	50
87	50
91	50
104	50
109	50
114	50
119	50
121	50
122	50
127	50
135	50
140	50
159	50
160	50
163	50
164	50
175	50
179	50
184	50
186	50
189	50
211	50
220	50
223	50
224	50
231	50
251	50
261	50
269	50
274	50
275	50
278	50
285	50
295	50
299	50
325	50
338	50
346	50
353	50
370	50
373	50
392	50
393	50
397	50
399	50
403	50
424	50
432	50
437	50
440	50
447	50
449	50
459	50
464	50
471	50
479	50
482	50
486	50
488	50
494	50
496	50
500	50
501	50
514	50
519	50
533	50
555	50
558	50
564	50
565	50
567	50
578	50
580	50
584	50
588	50
589	50
603	50
619	50
630	50
636	50
643	50
646	50
652	50
668	50
674	50
675	50
688	50
690	50
694	50
701	50
706	50
713	50
719	50
730	50
741	50
745	50
755	50
776	50
787	50
788	50
14	51
43	51
115	51
121	51
160	51
251	51
269	51
275	51
312	51
314	51
325	51
379	51
424	51
479	51
494	51
509	51
568	51
580	51
585	51
608	51
628	51
644	51
650	51
674	51
694	51
704	51
725	51
51	52
74	52
115	52
130	52
134	52
248	52
473	52
557	52
603	52
628	52
60	53
148	53
152	53
269	53
290	53
461	53
616	53
653	53
693	53
701	53
779	53
34	54
35	54
43	54
55	54
83	54
115	54
124	54
127	54
140	54
148	54
160	54
164	54
165	54
171	54
212	54
222	54
224	54
257	54
261	54
269	54
274	54
281	54
285	54
290	54
304	54
314	54
327	54
334	54
353	54
358	54
370	54
387	54
388	54
393	54
403	54
406	54
462	54
486	54
500	54
503	54
520	54
534	54
569	54
580	54
582	54
600	54
619	54
628	54
650	54
653	54
654	54
660	54
668	54
674	54
690	54
693	54
694	54
704	54
713	54
716	54
725	54
737	54
738	54
749	54
754	54
776	54
2	55
36	55
50	55
56	55
77	55
91	55
109	55
114	55
119	55
124	55
127	55
144	55
153	55
160	55
165	55
171	55
186	55
212	55
233	55
239	55
259	55
261	55
269	55
274	55
281	55
284	55
285	55
290	55
295	55
299	55
336	55
355	55
390	55
393	55
406	55
426	55
428	55
437	55
447	55
448	55
459	55
479	55
486	55
501	55
516	55
517	55
530	55
534	55
537	55
561	55
565	55
569	55
572	55
577	55
580	55
584	55
589	55
604	55
619	55
627	55
628	55
641	55
644	55
652	55
653	55
668	55
674	55
686	55
693	55
694	55
704	55
713	55
716	55
725	55
738	55
753	55
755	55
765	55
774	55
788	55
1	56
14	56
42	56
43	56
51	56
67	56
109	56
119	56
121	56
124	56
140	56
148	56
150	56
158	56
165	56
173	56
212	56
220	56
223	56
224	56
228	56
230	56
239	56
245	56
273	56
274	56
276	56
278	56
281	56
285	56
295	56
299	56
306	56
307	56
312	56
353	56
361	56
370	56
392	56
397	56
399	56
400	56
424	56
437	56
440	56
455	56
464	56
471	56
473	56
476	56
479	56
486	56
500	56
501	56
517	56
537	56
580	56
581	56
589	56
598	56
600	56
604	56
605	56
628	56
643	56
644	56
651	56
660	56
668	56
688	56
693	56
694	56
701	56
716	56
730	56
740	56
745	56
753	56
767	56
776	56
787	56
25	57
43	57
119	57
137	57
188	57
189	57
269	57
281	57
397	57
411	57
459	57
490	57
542	57
580	57
627	57
656	57
694	57
712	57
755	57
33	58
61	58
64	58
115	58
119	58
121	58
124	58
125	58
133	58
140	58
148	58
160	58
171	58
174	58
212	58
221	58
223	58
224	58
228	58
233	58
252	58
257	58
259	58
269	58
280	58
281	58
300	58
314	58
323	58
327	58
336	58
367	58
392	58
393	58
396	58
397	58
399	58
403	58
411	58
440	58
447	58
456	58
464	58
475	58
486	58
503	58
545	58
549	58
565	58
569	58
574	58
578	58
580	58
582	58
584	58
585	58
610	58
619	58
627	58
628	58
633	58
639	58
646	58
653	58
655	58
660	58
668	58
685	58
694	58
697	58
704	58
707	58
712	58
716	58
719	58
725	58
729	58
738	58
745	58
777	58
788	58
2	59
6	59
40	59
41	59
50	59
67	59
77	59
113	59
115	59
124	59
140	59
148	59
153	59
160	59
171	59
188	59
191	59
212	59
218	59
222	59
223	59
233	59
257	59
259	59
261	59
278	59
282	59
295	59
314	59
325	59
327	59
370	59
389	59
390	59
391	59
399	59
405	59
425	59
432	59
443	59
447	59
449	59
455	59
464	59
465	59
476	59
494	59
520	59
530	59
531	59
564	59
565	59
569	59
577	59
580	59
585	59
589	59
619	59
630	59
632	59
648	59
654	59
660	59
663	59
670	59
675	59
683	59
690	59
701	59
725	59
732	59
748	59
760	59
765	59
776	59
779	59
1	60
46	60
47	60
50	60
114	60
119	60
121	60
133	60
142	60
160	60
165	60
173	60
224	60
233	60
239	60
257	60
259	60
284	60
295	60
304	60
306	60
346	60
349	60
353	60
358	60
361	60
397	60
399	60
416	60
425	60
428	60
447	60
449	60
455	60
479	60
486	60
491	60
565	60
569	60
580	60
589	60
604	60
616	60
619	60
627	60
630	60
644	60
646	60
651	60
654	60
660	60
668	60
674	60
676	60
693	60
694	60
701	60
702	60
704	60
713	60
725	60
745	60
750	60
753	60
754	60
755	60
760	60
767	60
776	60
788	60
43	61
127	61
269	61
281	61
336	61
367	61
392	61
393	61
424	61
437	61
486	61
517	61
534	61
580	61
583	61
619	61
660	61
716	61
745	61
755	61
762	61
765	61
786	61
1	62
35	62
50	62
51	62
121	62
127	62
140	62
171	62
220	62
224	62
226	62
228	62
239	62
252	62
259	62
269	62
285	62
292	62
304	62
306	62
372	62
393	62
403	62
411	62
447	62
455	62
500	62
520	62
530	62
569	62
580	62
628	62
663	62
678	62
693	62
716	62
718	62
755	62
787	62
1	63
9	63
43	63
47	63
67	63
115	63
140	63
148	63
158	63
171	63
186	63
257	63
269	63
281	63
295	63
304	63
306	63
314	63
327	63
337	63
339	63
345	63
372	63
393	63
403	63
411	63
440	63
483	63
486	63
491	63
534	63
565	63
577	63
580	63
585	63
619	63
640	63
648	63
656	63
668	63
670	63
693	63
694	63
763	63
788	63
19	64
23	64
34	64
35	64
59	64
83	64
90	64
102	64
107	64
114	64
120	64
121	64
124	64
127	64
140	64
146	64
148	64
152	64
165	64
173	64
186	64
203	64
212	64
222	64
224	64
231	64
259	64
269	64
295	64
323	64
348	64
387	64
388	64
393	64
397	64
411	64
428	64
457	64
464	64
479	64
503	64
509	64
539	64
574	64
580	64
582	64
600	64
619	64
628	64
643	64
650	64
653	64
668	64
674	64
678	64
681	64
682	64
688	64
694	64
704	64
716	64
738	64
749	64
754	64
43	65
50	65
61	65
102	65
121	65
124	65
140	65
142	65
164	65
165	65
171	65
189	65
212	65
228	65
233	65
248	65
261	65
269	65
327	65
370	65
387	65
393	65
397	65
447	65
448	65
449	65
503	65
569	65
577	65
580	65
627	65
628	65
642	65
646	65
651	65
694	65
716	65
737	65
767	65
776	65
786	65
9	66
25	66
35	66
43	66
56	66
59	66
71	66
114	66
115	66
124	66
135	66
140	66
142	66
171	66
212	66
220	66
257	66
264	66
269	66
275	66
281	66
284	66
292	66
295	66
299	66
314	66
336	66
343	66
344	66
353	66
361	66
387	66
390	66
393	66
399	66
403	66
411	66
424	66
440	66
442	66
455	66
457	66
462	66
470	66
479	66
500	66
503	66
517	66
521	66
574	66
580	66
585	66
587	66
619	66
628	66
643	66
655	66
660	66
668	66
670	66
677	66
678	66
693	66
694	66
719	66
720	66
733	66
738	66
745	66
753	66
765	66
2	67
9	67
14	67
25	67
35	67
36	67
37	67
39	67
43	67
47	67
50	67
51	67
55	67
56	67
57	67
59	67
62	67
65	67
71	67
76	67
90	67
91	67
100	67
102	67
109	67
114	67
115	67
118	67
119	67
121	67
122	67
124	67
127	67
133	67
135	67
139	67
140	67
142	67
149	67
152	67
159	67
164	67
165	67
171	67
175	67
186	67
188	67
189	67
205	67
207	67
212	67
220	67
221	67
222	67
223	67
224	67
231	67
250	67
252	67
256	67
257	67
259	67
261	67
262	67
273	67
274	67
275	67
278	67
280	67
281	67
284	67
287	67
295	67
299	67
300	67
301	67
304	67
314	67
325	67
327	67
336	67
337	67
338	67
346	67
353	67
355	67
357	67
358	67
361	67
367	67
370	67
373	67
379	67
383	67
387	67
388	67
389	67
390	67
393	67
396	67
397	67
399	67
403	67
404	67
406	67
411	67
414	67
417	67
424	67
428	67
432	67
437	67
440	67
444	67
447	67
448	67
451	67
457	67
459	67
462	67
464	67
466	67
471	67
473	67
474	67
479	67
486	67
491	67
494	67
500	67
501	67
512	67
517	67
518	67
520	67
525	67
534	67
536	67
548	67
553	67
558	67
567	67
568	67
569	67
570	67
574	67
577	67
578	67
580	67
582	67
584	67
585	67
588	67
589	67
608	67
614	67
616	67
619	67
624	67
627	67
628	67
630	67
633	67
636	67
637	67
642	67
646	67
654	67
656	67
659	67
660	67
662	67
663	67
664	67
666	67
668	67
670	67
673	67
676	67
678	67
685	67
686	67
690	67
693	67
694	67
698	67
701	67
704	67
707	67
712	67
713	67
716	67
718	67
719	67
720	67
726	67
738	67
740	67
741	67
745	67
748	67
750	67
753	67
754	67
755	67
763	67
765	67
770	67
778	67
787	67
788	67
9	68
43	68
59	68
62	68
102	68
110	68
113	68
124	68
137	68
140	68
148	68
165	68
171	68
212	68
220	68
223	68
228	68
231	68
257	68
269	68
281	68
295	68
336	68
393	68
405	68
411	68
425	68
428	68
432	68
448	68
457	68
464	68
471	68
479	68
486	68
517	68
520	68
565	68
569	68
580	68
619	68
633	68
646	68
650	68
668	68
670	68
675	68
676	68
686	68
704	68
720	68
745	68
755	68
787	68
788	68
212	69
281	69
295	70
323	70
479	70
142	71
284	71
503	71
142	72
279	72
295	73
569	73
55	74
126	74
403	74
455	74
580	74
650	74
769	74
50	75
51	75
121	75
151	75
165	75
212	75
261	75
269	75
284	75
369	75
393	75
447	75
449	75
534	75
580	75
627	75
688	75
701	75
719	75
738	75
35	76
56	76
135	76
139	76
159	76
187	76
233	76
269	76
278	76
281	76
295	76
367	76
393	76
443	76
517	76
580	76
628	76
673	76
681	76
694	76
753	76
781	76
43	77
47	77
90	77
91	77
119	77
124	77
126	77
140	77
200	77
223	77
262	77
368	77
372	77
393	77
437	77
457	77
464	77
520	77
558	77
580	77
588	77
619	77
668	77
701	77
718	77
719	77
745	77
755	77
787	77
119	78
269	78
393	78
461	78
464	78
627	78
9	79
165	79
443	79
619	79
650	79
78	80
115	80
250	80
281	80
358	80
388	80
392	80
411	80
526	80
580	80
600	80
616	80
619	80
627	80
712	80
716	80
719	80
765	80
27	81
35	81
56	81
71	81
72	81
119	81
121	81
134	81
219	81
220	81
261	81
269	81
273	81
281	81
295	81
301	81
327	81
393	81
403	81
411	81
424	81
440	81
456	81
479	81
500	81
521	81
537	81
561	81
619	81
627	81
650	81
653	81
655	81
692	81
774	81
252	82
464	82
569	82
34	83
56	83
115	83
121	83
160	83
212	83
224	83
269	83
275	83
281	83
301	83
393	83
569	83
577	83
580	83
585	83
604	83
674	83
688	83
692	83
694	83
725	83
738	83
83	84
160	84
224	84
388	84
399	84
500	84
569	84
580	84
600	84
690	84
725	84
6	85
29	85
55	85
56	85
83	85
88	85
122	85
127	85
142	85
165	85
212	85
224	85
227	85
269	85
274	85
288	85
304	85
346	85
393	85
410	85
503	85
564	85
569	85
577	85
580	85
582	85
598	85
628	85
650	85
660	85
677	85
755	85
765	85
785	85
787	85
47	86
55	86
91	86
121	86
127	86
140	86
188	86
204	86
212	86
220	86
224	86
227	86
233	86
251	86
259	86
269	86
295	86
325	86
327	86
336	86
370	86
393	86
403	86
411	86
414	86
424	86
425	86
428	86
448	86
479	86
486	86
491	86
494	86
500	86
503	86
517	86
520	86
558	86
565	86
578	86
580	86
585	86
616	86
628	86
646	86
651	86
654	86
660	86
668	86
670	86
686	86
690	86
694	86
704	86
716	86
745	86
749	86
754	86
755	86
767	86
776	86
787	86
788	86
115	87
140	87
231	87
628	87
704	87
788	87
17	88
46	88
59	88
114	88
124	88
140	88
148	88
160	88
165	88
171	88
179	88
186	88
220	88
231	88
233	88
267	88
269	88
284	88
285	88
295	88
327	88
346	88
370	88
393	88
399	88
411	88
437	88
448	88
464	88
473	88
479	88
569	88
580	88
584	88
619	88
656	88
702	88
704	88
716	88
725	88
733	88
738	88
745	88
750	88
59	89
119	89
160	89
165	89
212	89
220	89
251	89
259	89
269	89
361	89
411	89
464	89
486	89
569	89
574	89
580	89
585	89
615	89
619	89
628	89
656	89
668	89
686	89
701	89
719	89
725	89
745	89
753	89
755	89
787	89
28	90
43	90
281	90
287	90
355	90
396	90
432	90
437	90
449	90
459	90
517	90
534	90
580	90
627	90
639	90
650	90
654	90
660	90
712	90
719	90
720	90
754	90
765	90
776	90
14	91
20	91
34	91
43	91
51	91
55	91
56	91
62	91
77	91
82	91
90	91
113	91
119	91
122	91
140	91
148	91
165	91
191	91
204	91
223	91
224	91
233	91
254	91
269	91
281	91
285	91
286	91
299	91
301	91
338	91
353	91
387	91
392	91
393	91
399	91
405	91
424	91
427	91
428	91
432	91
434	91
440	91
443	91
448	91
449	91
462	91
464	91
473	91
486	91
500	91
503	91
512	91
514	91
517	91
530	91
538	91
558	91
577	91
580	91
582	91
589	91
619	91
625	91
628	91
643	91
644	91
651	91
656	91
667	91
674	91
676	91
693	91
694	91
701	91
704	91
711	91
719	91
738	91
745	91
754	91
755	91
765	91
767	91
776	91
787	91
788	91
1	92
14	92
43	92
56	92
91	92
109	92
121	92
126	92
142	92
171	92
173	92
179	92
212	92
220	92
223	92
224	92
239	92
261	92
269	92
275	92
285	92
306	92
353	92
355	92
359	92
392	92
393	92
399	92
406	92
414	92
432	92
440	92
455	92
471	92
491	92
500	92
501	92
517	92
561	92
580	92
584	92
585	92
616	92
632	92
644	92
651	92
652	92
660	92
671	92
675	92
686	92
693	92
694	92
701	92
719	92
745	92
749	92
760	92
767	92
776	92
787	92
6	93
71	93
77	93
114	93
116	93
121	93
135	93
140	93
205	93
231	93
257	93
259	93
273	93
278	93
281	93
288	93
295	93
301	93
338	93
368	93
381	93
387	93
393	93
457	93
464	93
479	93
486	93
509	93
512	93
565	93
580	93
584	93
585	93
598	93
619	93
628	93
653	93
668	93
681	93
692	93
716	93
738	93
753	93
765	93
775	93
787	93
788	93
124	94
174	94
503	94
567	94
673	94
676	94
690	94
25	95
140	95
142	95
160	95
165	95
269	95
388	95
393	95
399	95
403	95
406	95
455	95
569	95
580	95
668	95
725	95
755	95
56	96
222	96
274	96
445	96
643	96
137	97
165	97
327	97
428	97
449	97
534	97
569	97
646	97
778	97
173	98
223	98
227	98
288	98
306	98
479	98
580	98
615	98
627	98
652	98
694	98
698	98
20	99
388	99
411	99
43	100
121	100
188	100
220	100
285	100
336	100
370	100
387	100
390	100
391	100
392	100
464	100
655	100
688	100
720	100
2	101
9	101
55	101
56	101
76	101
77	101
83	101
119	101
126	101
139	101
148	101
165	101
173	101
212	101
223	101
233	101
257	101
261	101
269	101
280	101
292	101
295	101
304	101
314	101
327	101
361	101
387	101
393	101
397	101
406	101
440	101
443	101
455	101
462	101
517	101
527	101
536	101
558	101
577	101
578	101
584	101
585	101
612	101
619	101
628	101
633	101
634	101
642	101
650	101
654	101
660	101
693	101
701	101
704	101
716	101
721	101
740	101
745	101
765	101
774	101
786	101
9	102
17	102
35	102
43	102
95	102
109	102
121	102
165	102
179	102
224	102
233	102
269	102
275	102
281	102
284	102
285	102
387	102
392	102
393	102
448	102
457	102
486	102
500	102
501	102
520	102
545	102
565	102
574	102
580	102
585	102
628	102
653	102
668	102
694	102
734	102
788	102
9	103
126	103
171	103
212	103
230	103
233	103
252	103
257	103
286	103
393	103
399	103
451	103
486	103
565	103
569	103
580	103
628	103
648	103
668	103
738	103
788	103
56	104
173	104
281	104
295	104
314	104
336	104
361	104
424	104
445	104
568	104
569	104
580	104
628	104
694	104
745	104
755	104
765	104
2	105
9	105
14	105
15	105
17	105
24	105
31	105
41	105
43	105
47	105
50	105
51	105
53	105
54	105
56	105
59	105
60	105
61	105
71	105
83	105
90	105
91	105
97	105
109	105
114	105
115	105
119	105
121	105
122	105
124	105
133	105
135	105
137	105
138	105
140	105
142	105
148	105
160	105
164	105
165	105
171	105
186	105
191	105
197	105
207	105
210	105
212	105
218	105
220	105
222	105
223	105
227	105
228	105
231	105
233	105
244	105
248	105
250	105
251	105
252	105
257	105
259	105
261	105
262	105
281	105
284	105
289	105
295	105
304	105
309	105
311	105
314	105
327	105
334	105
336	105
337	105
346	105
349	105
351	105
353	105
355	105
358	105
362	105
367	105
370	105
379	105
386	105
388	105
389	105
390	105
391	105
392	105
393	105
395	105
396	105
399	105
403	105
411	105
417	105
424	105
428	105
432	105
444	105
447	105
448	105
449	105
455	105
456	105
457	105
463	105
464	105
471	105
486	105
488	105
500	105
501	105
503	105
517	105
519	105
520	105
530	105
534	105
537	105
557	105
558	105
564	105
565	105
569	105
574	105
577	105
580	105
584	105
585	105
587	105
589	105
600	105
604	105
616	105
619	105
627	105
628	105
630	105
633	105
636	105
643	105
650	105
654	105
660	105
662	105
668	105
674	105
681	105
686	105
688	105
690	105
694	105
701	105
704	105
712	105
713	105
716	105
717	105
718	105
719	105
725	105
733	105
737	105
738	105
753	105
755	105
763	105
770	105
776	105
778	105
787	105
788	105
114	106
165	106
411	106
425	106
428	106
569	106
580	106
749	106
754	106
9	107
34	107
109	107
113	107
114	107
121	107
186	107
212	107
257	107
269	107
284	107
381	107
393	107
405	107
428	107
486	107
498	107
501	107
558	107
564	107
565	107
580	107
585	107
628	107
668	107
674	107
676	107
719	107
738	107
765	107
777	107
788	107
62	108
119	108
231	108
239	108
269	108
293	108
388	108
392	108
393	108
397	108
403	108
411	108
424	108
503	108
580	108
600	108
628	108
690	108
733	108
737	108
738	108
753	108
51	109
125	109
130	109
165	109
189	109
262	109
269	109
274	109
393	109
486	109
558	109
626	109
628	109
668	109
669	109
701	109
43	110
55	110
115	110
119	110
137	110
222	110
250	110
269	110
295	110
314	110
387	110
393	110
448	110
455	110
459	110
479	110
483	110
530	110
557	110
577	110
580	110
607	110
619	110
628	110
668	110
693	110
704	110
712	110
716	110
765	110
90	111
121	111
140	111
173	111
202	111
233	111
351	111
388	111
393	111
397	111
516	111
520	111
580	111
582	111
694	111
737	111
109	112
148	112
252	112
269	112
281	112
314	112
336	112
353	112
355	112
449	112
464	112
501	112
517	112
578	112
619	112
633	112
716	112
745	112
787	112
788	112
14	113
23	113
50	113
72	113
109	113
131	113
159	113
199	113
200	113
309	113
313	113
355	113
388	113
393	113
414	113
424	113
447	113
452	113
474	113
486	113
500	113
501	113
514	113
525	113
565	113
572	113
580	113
590	113
624	113
660	113
667	113
668	113
694	113
718	113
719	113
720	113
753	113
781	113
788	113
102	114
121	114
295	114
486	114
569	114
619	114
738	114
28	115
43	115
67	115
74	115
105	115
115	115
121	115
124	115
126	115
133	115
140	115
148	115
165	115
173	115
174	115
188	115
212	115
220	115
223	115
224	115
228	115
231	115
233	115
240	115
257	115
261	115
269	115
295	115
304	115
314	115
336	115
353	115
358	115
393	115
397	115
399	115
411	115
424	115
425	115
440	115
448	115
464	115
471	115
479	115
500	115
503	115
567	115
569	115
580	115
616	115
619	115
628	115
630	115
654	115
676	115
690	115
693	115
713	115
716	115
745	115
750	115
751	115
776	115
787	115
14	116
43	116
115	116
119	116
212	116
615	116
688	116
717	116
755	116
56	117
60	117
61	117
83	117
171	117
212	117
223	117
281	117
361	117
391	117
464	117
486	117
565	117
569	117
580	117
585	117
619	117
668	117
688	117
788	117
9	118
140	118
327	118
372	118
388	118
580	118
600	118
644	118
678	118
688	118
737	118
754	118
9	119
83	119
133	119
140	119
212	119
224	119
239	119
252	119
260	119
269	119
304	119
370	119
390	119
393	119
500	119
569	119
580	119
585	119
694	119
761	119
765	119
787	119
1	120
173	120
239	120
252	120
269	120
306	120
449	120
455	120
580	120
644	120
651	120
660	120
693	120
767	120
37	121
83	121
91	121
121	121
139	121
223	121
233	121
263	121
269	121
287	121
336	121
370	121
403	121
471	121
490	121
545	121
585	121
755	121
269	122
580	122
55	123
115	123
127	123
148	123
153	123
171	123
185	123
212	123
250	123
257	123
261	123
336	123
399	123
403	123
432	123
500	123
503	123
558	123
569	123
580	123
604	123
608	123
650	123
694	123
719	123
720	123
782	123
788	123
43	124
67	124
114	124
124	124
164	124
173	124
228	124
231	124
250	124
259	124
269	124
274	124
281	124
295	124
348	124
370	124
384	124
411	124
432	124
449	124
464	124
479	124
490	124
500	124
517	124
580	124
584	124
614	124
619	124
627	124
628	124
659	124
668	124
675	124
694	124
704	124
734	124
753	124
776	124
47	125
109	125
114	125
119	125
127	125
165	125
171	125
224	125
257	125
273	125
275	125
281	125
295	125
304	125
393	125
402	125
437	125
447	125
479	125
486	125
501	125
534	125
558	125
565	125
567	125
580	125
628	125
668	125
674	125
676	125
686	125
730	125
788	125
9	126
14	126
91	126
95	126
115	126
121	126
124	126
140	126
141	126
153	126
164	126
257	126
259	126
264	126
269	126
275	126
278	126
281	126
293	126
304	126
334	126
336	126
353	126
365	126
371	126
388	126
393	126
397	126
411	126
428	126
440	126
486	126
499	126
503	126
520	126
558	126
564	126
565	126
569	126
577	126
580	126
585	126
600	126
611	126
628	126
632	126
643	126
650	126
668	126
675	126
690	126
701	126
704	126
707	126
716	126
718	126
720	126
737	126
739	126
749	126
755	126
760	126
788	126
62	127
121	127
140	127
148	127
165	127
224	127
261	127
336	127
388	127
580	127
627	127
714	127
738	127
135	128
232	128
403	128
503	128
776	128
224	129
115	130
119	130
140	130
171	130
228	130
257	130
269	130
284	130
336	130
393	130
432	130
512	130
580	130
628	130
694	130
724	130
754	130
786	130
500	131
694	131
9	132
25	132
43	132
59	132
71	132
119	132
124	132
127	132
135	132
140	132
142	132
165	132
186	132
212	132
223	132
257	132
269	132
281	132
314	132
327	132
336	132
371	132
379	132
387	132
390	132
393	132
411	132
440	132
459	132
474	132
479	132
503	132
512	132
517	132
520	132
534	132
548	132
577	132
580	132
585	132
616	132
619	132
627	132
628	132
630	132
659	132
676	132
679	132
694	132
701	132
712	132
716	132
719	132
720	132
738	132
754	132
788	132
71	133
537	133
269	134
393	134
580	134
115	135
139	135
224	135
448	135
507	135
513	135
535	135
630	135
668	135
755	135
124	136
153	136
259	136
284	136
327	136
370	136
437	136
600	136
650	136
520	137
668	137
694	137
56	138
121	138
209	138
443	138
557	138
561	138
633	138
115	139
122	139
140	139
165	139
191	139
220	139
233	139
259	139
269	139
336	139
346	139
387	139
392	139
393	139
530	139
564	139
565	139
573	139
580	139
598	139
644	139
651	139
663	139
668	139
693	139
716	139
767	139
251	140
314	140
343	140
580	140
619	140
628	140
749	141
34	142
102	142
114	142
122	142
133	142
223	142
325	142
362	142
471	142
474	142
486	142
494	142
564	142
565	142
567	142
598	142
640	142
668	142
673	142
674	142
676	142
788	142
2	143
14	143
83	143
165	143
174	143
204	143
208	143
212	143
220	143
224	143
231	143
269	143
274	143
278	143
281	143
291	143
295	143
299	143
304	143
314	143
372	143
388	143
393	143
406	143
411	143
461	143
520	143
564	143
565	143
580	143
585	143
628	143
776	143
787	143
264	144
275	144
393	144
500	144
660	144
693	144
694	144
77	145
119	145
140	145
171	145
189	145
220	145
233	145
269	145
281	145
370	145
440	145
520	145
548	145
569	145
577	145
580	145
585	145
608	145
619	145
686	145
690	145
694	145
712	145
59	146
114	146
124	146
212	146
224	146
239	146
269	146
284	146
299	146
366	146
393	146
437	146
440	146
577	146
580	146
668	146
730	146
753	146
381	147
580	147
580	148
720	148
171	149
411	149
582	149
628	149
737	149
109	150
114	150
119	150
121	150
140	150
165	150
259	150
393	150
447	150
486	150
501	150
565	150
668	150
674	150
738	150
788	150
62	151
137	151
158	151
188	151
233	151
295	151
301	151
338	151
367	151
428	151
479	151
486	151
558	151
565	151
580	151
619	151
652	151
668	151
692	151
704	151
788	151
580	152
222	153
259	153
399	153
567	153
619	153
627	153
662	153
676	153
735	153
34	154
43	154
56	154
67	154
109	154
114	154
165	154
281	154
373	154
387	154
440	154
459	154
474	154
486	154
501	154
503	154
564	154
565	154
580	154
668	154
674	154
716	154
738	154
741	154
776	154
778	154
788	154
133	155
202	155
220	155
250	155
370	155
397	155
424	155
171	156
173	156
269	156
274	156
479	156
580	156
646	156
693	156
765	156
61	157
83	157
148	157
160	157
179	157
327	157
388	157
399	157
464	157
520	157
569	157
600	157
719	157
725	157
776	157
1	158
2	158
14	158
25	158
34	158
37	158
60	158
62	158
83	158
102	158
109	158
114	158
115	158
125	158
135	158
137	158
140	158
148	158
165	158
175	158
218	158
224	158
231	158
259	158
261	158
269	158
275	158
278	158
295	158
304	158
310	158
327	158
346	158
353	158
362	158
367	158
406	158
416	158
417	158
436	158
456	158
459	158
479	158
486	158
491	158
500	158
501	158
514	158
517	158
520	158
537	158
557	158
564	158
565	158
578	158
580	158
584	158
588	158
589	158
608	158
614	158
616	158
619	158
628	158
646	158
650	158
652	158
654	158
662	158
663	158
668	158
674	158
675	158
676	158
678	158
694	158
701	158
704	158
720	158
740	158
748	158
753	158
776	158
788	158
50	159
411	159
447	159
619	159
222	160
281	160
668	160
1	161
43	161
56	161
71	161
76	161
83	161
119	161
121	161
127	161
135	161
140	161
142	161
148	161
164	161
165	161
171	161
173	161
186	161
212	161
224	161
239	161
249	161
251	161
254	161
257	161
259	161
261	161
269	161
274	161
275	161
281	161
284	161
295	161
304	161
306	161
314	161
327	161
328	161
336	161
344	161
358	161
368	161
382	161
388	161
392	161
393	161
397	161
411	161
428	161
437	161
440	161
448	161
455	161
479	161
486	161
500	161
512	161
517	161
526	161
534	161
536	161
537	161
558	161
565	161
569	161
577	161
580	161
585	161
600	161
616	161
619	161
628	161
633	161
644	161
651	161
660	161
668	161
675	161
690	161
693	161
694	161
701	161
713	161
730	161
748	161
753	161
754	161
755	161
767	161
788	161
28	162
71	162
122	162
159	162
164	162
261	162
314	162
367	162
387	162
397	162
411	162
553	162
569	162
619	162
627	162
656	162
701	162
269	163
387	163
644	163
50	164
115	164
121	164
124	164
140	164
233	164
269	164
278	164
281	164
367	164
393	164
447	164
475	164
530	164
534	164
569	164
580	164
587	164
619	164
628	164
753	164
787	164
83	165
115	165
140	165
179	165
224	165
259	165
281	165
295	165
388	165
393	165
464	165
479	165
534	165
569	165
577	165
580	165
584	165
600	165
619	165
668	165
690	165
724	165
737	165
749	165
788	165
54	166
109	166
204	166
269	166
285	166
393	166
440	166
444	166
457	166
644	166
719	166
55	167
171	167
212	167
336	167
619	167
656	167
233	168
295	168
580	168
651	168
704	168
767	168
43	169
325	169
399	169
494	169
569	169
580	169
509	170
83	171
207	171
250	171
327	171
393	171
646	171
652	171
707	171
43	172
83	172
119	172
140	172
160	172
186	172
361	172
393	172
568	172
577	172
580	172
646	172
712	172
716	172
720	172
725	172
738	172
43	173
115	173
121	173
257	173
393	173
399	173
406	173
455	173
569	173
580	173
656	173
738	173
76	174
121	174
237	174
314	174
337	174
393	174
483	174
628	174
748	174
231	175
269	175
393	175
140	176
160	177
171	177
281	177
440	177
569	177
628	177
681	177
102	178
119	178
278	178
333	178
336	178
353	178
400	178
455	178
569	178
588	178
668	178
704	178
83	179
171	179
393	179
140	180
393	181
43	182
83	182
212	182
218	182
220	182
223	182
261	182
449	182
471	182
486	182
619	182
663	182
668	182
745	182
776	182
787	182
2	183
21	183
26	183
34	183
43	183
47	183
59	183
62	183
114	183
115	183
119	183
130	183
137	183
142	183
161	183
171	183
188	183
197	183
204	183
207	183
208	183
221	183
223	183
227	183
251	183
259	183
261	183
274	183
278	183
285	183
288	183
294	183
295	183
300	183
304	183
314	183
325	183
337	183
343	183
353	183
355	183
372	183
373	183
379	183
387	183
389	183
390	183
424	183
428	183
432	183
440	183
444	183
449	183
479	183
480	183
486	183
490	183
491	183
494	183
500	183
501	183
509	183
518	183
520	183
534	183
558	183
565	183
569	183
574	183
575	183
578	183
580	183
585	183
600	183
619	183
633	183
652	183
654	183
668	183
674	183
686	183
693	183
694	183
701	183
704	183
707	183
721	183
740	183
741	183
745	183
755	183
773	183
776	183
777	183
781	183
788	183
77	184
486	184
2	185
66	185
83	185
115	185
140	185
165	185
220	185
223	185
311	185
366	185
392	185
406	185
427	185
437	185
440	185
457	185
486	185
523	185
646	185
694	185
698	185
755	185
14	186
259	186
370	186
449	186
102	187
122	187
269	187
437	187
517	187
614	187
662	187
698	187
83	188
220	188
223	188
406	188
471	188
580	188
589	188
688	188
694	188
716	188
745	188
787	188
713	189
171	190
261	190
501	190
536	190
164	191
32	192
42	192
150	192
158	192
230	192
245	192
248	192
269	192
307	192
371	192
598	192
627	192
667	192
237	193
269	194
388	194
437	194
449	194
500	194
512	194
600	194
690	194
694	194
713	194
725	194
738	194
776	194
393	195
694	195
66	196
119	196
165	196
250	196
367	196
379	196
619	196
140	197
223	197
295	197
336	197
400	197
537	197
269	198
83	199
269	199
432	199
269	200
269	201
580	201
110	202
119	203
121	203
224	203
668	203
677	203
536	204
127	205
269	205
35	206
119	206
169	206
233	206
269	206
323	206
393	206
455	206
558	206
569	206
668	206
693	206
712	206
716	206
75	207
601	207
119	208
269	208
274	208
191	209
411	209
486	209
565	209
630	209
668	209
690	209
693	209
776	209
788	209
113	210
114	210
119	210
124	210
189	210
397	210
405	210
447	210
486	210
565	210
628	210
668	210
674	210
788	210
83	211
114	211
486	211
565	211
668	211
674	211
788	211
22	212
43	212
92	212
106	212
114	212
171	212
204	212
216	212
220	212
223	212
224	212
379	212
411	212
424	212
500	212
503	212
524	212
608	212
654	212
657	212
745	212
189	213
218	213
314	213
393	213
628	213
668	213
22	214
43	214
66	214
119	214
153	214
188	214
353	214
389	214
393	214
457	214
479	214
558	214
569	214
627	214
646	214
668	214
719	214
269	215
121	216
220	216
224	216
393	216
424	216
471	216
580	216
585	216
788	216
224	217
252	217
278	217
686	217
753	217
776	217
137	218
140	219
50	220
295	220
397	220
411	220
424	220
447	220
628	220
55	221
224	221
250	221
274	221
281	221
464	221
520	221
43	222
47	222
83	222
119	222
127	222
148	222
207	222
269	222
281	222
295	222
300	222
304	222
336	222
346	222
355	222
370	222
373	222
390	222
393	222
397	222
403	222
491	222
520	222
580	222
619	222
628	222
653	222
654	222
701	222
716	222
719	222
741	222
785	222
43	223
44	223
50	223
71	223
79	223
83	223
109	223
119	223
179	223
189	223
190	223
224	223
225	223
233	223
252	223
275	223
278	223
295	223
358	223
370	223
387	223
393	223
396	223
424	223
432	223
440	223
447	223
457	223
464	223
498	223
501	223
503	223
515	223
548	223
558	223
580	223
583	223
619	223
650	223
676	223
694	223
704	223
709	223
713	223
719	223
730	223
755	223
776	223
140	224
212	224
281	224
393	224
580	224
43	225
114	225
393	225
449	225
619	225
716	225
738	225
788	225
134	226
309	226
314	226
466	226
510	226
712	226
91	228
220	228
223	228
224	228
252	228
397	228
424	228
428	228
432	228
448	228
471	228
500	228
503	228
558	228
580	228
628	228
651	228
694	228
704	228
745	228
755	228
767	228
787	228
51	229
580	229
261	230
264	230
359	230
437	230
584	230
619	230
701	230
748	230
21	231
171	231
231	231
355	231
390	231
399	231
403	231
580	231
694	231
745	231
109	232
165	232
295	232
337	232
470	232
501	232
520	232
602	232
704	232
72	233
127	233
176	233
224	233
229	233
393	233
479	233
517	233
587	233
600	233
619	233
627	233
781	233
102	234
314	234
580	234
712	234
716	234
719	234
55	235
87	235
93	235
114	235
137	235
139	235
163	235
179	235
184	235
207	235
229	235
261	235
269	235
399	235
414	235
417	235
459	235
496	235
512	235
519	235
533	235
555	235
558	235
564	235
565	235
580	235
627	235
668	235
694	235
701	235
704	235
753	235
777	235
121	236
269	236
314	236
393	236
457	236
580	236
585	236
628	236
670	236
704	236
259	237
486	237
565	237
2	238
160	238
220	238
393	238
399	238
479	238
569	238
580	238
269	239
694	239
43	240
584	240
616	240
701	240
720	240
67	241
119	241
130	241
151	241
152	241
186	241
189	241
212	241
218	241
233	241
295	241
299	241
314	241
336	241
370	241
399	241
416	241
424	241
437	241
474	241
486	241
530	241
580	241
619	241
627	241
630	241
650	241
651	241
663	241
668	241
690	241
698	241
732	241
767	241
668	242
43	243
140	243
269	244
388	245
261	246
269	246
393	246
584	246
642	246
701	246
148	247
171	247
179	247
370	247
500	247
600	247
694	247
43	248
393	249
428	249
580	249
43	250
56	251
140	252
281	252
367	252
517	252
663	252
720	252
114	253
212	253
233	253
269	253
314	253
393	253
401	253
470	253
165	254
257	254
280	254
387	254
393	254
43	255
115	255
228	255
252	255
290	255
388	255
482	255
509	255
558	255
142	256
355	257
140	258
230	258
295	258
372	258
393	258
479	258
534	258
580	258
619	258
83	259
209	259
299	259
457	259
765	259
204	260
212	261
411	261
580	261
688	261
424	262
148	263
178	264
220	264
223	264
372	264
448	264
471	264
565	264
580	264
694	264
697	264
745	264
787	264
424	265
619	265
269	266
289	266
392	266
393	266
337	267
171	268
694	268
694	270
730	270
336	271
257	272
269	272
281	272
486	272
628	272
738	272
748	272
379	273
140	274
269	274
608	275
517	276
34	277
83	277
103	277
209	277
388	277
418	277
428	277
561	277
575	277
588	277
600	277
619	277
669	277
674	277
707	277
774	277
778	277
719	278
35	279
55	279
124	279
140	279
451	280
9	281
109	281
269	281
304	281
393	281
440	281
501	281
580	281
788	281
17	282
311	282
355	282
558	282
644	282
704	282
707	282
745	282
787	282
273	283
471	283
676	283
114	284
486	284
565	284
668	284
674	284
788	284
517	285
393	286
530	286
580	286
50	287
119	287
447	287
118	288
355	288
456	288
663	289
693	289
119	290
393	290
719	290
313	291
712	291
119	292
121	294
281	294
500	294
393	295
285	296
393	296
186	297
411	297
440	297
443	297
581	297
585	297
648	297
776	297
580	298
336	299
656	300
787	300
788	301
580	302
656	303
83	304
304	305
314	305
327	305
165	306
428	306
269	307
393	308
304	309
115	310
719	311
188	312
281	313
295	314
153	315
281	316
403	316
437	316
781	316
738	317
121	318
295	318
580	318
619	318
628	318
204	319
762	319
212	320
449	321
580	321
580	322
327	323
584	324
600	324
701	324
1	325
173	325
239	325
295	325
306	325
455	325
479	325
644	325
651	325
660	325
693	325
754	325
767	325
281	326
500	326
585	326
660	326
765	326
580	327
1	328
34	328
284	328
306	328
367	328
393	328
455	328
558	328
628	328
651	328
674	328
767	328
115	329
153	329
160	329
399	329
569	329
577	329
580	329
632	329
670	329
725	329
760	329
83	330
109	330
115	330
121	330
140	330
148	330
197	330
211	330
220	330
387	330
391	330
437	330
501	330
503	330
525	330
642	330
650	330
668	330
675	330
738	330
765	330
17	331
600	332
55	333
500	333
578	333
580	333
628	333
694	333
124	335
261	335
269	335
274	335
294	335
303	335
387	335
397	335
449	335
464	335
503	335
609	335
619	335
675	335
776	335
417	336
437	336
479	336
486	336
512	336
534	336
580	336
686	336
83	337
115	337
140	337
188	337
208	337
220	337
223	337
224	337
295	337
327	337
349	337
355	337
362	337
370	337
428	337
432	337
471	337
479	337
536	337
569	337
580	337
585	337
616	337
693	337
701	337
745	337
787	337
580	338
653	338
250	339
304	339
693	339
109	340
501	340
644	340
131	341
267	341
591	341
785	341
124	342
171	342
261	342
479	342
608	342
604	343
668	344
137	345
569	345
115	346
135	346
152	346
657	346
188	347
269	347
274	347
338	347
398	347
513	347
542	347
587	347
58	348
706	348
628	349
223	350
787	350
74	351
103	351
230	351
245	351
341	351
427	351
13	352
155	352
202	352
207	352
264	352
356	352
627	352
2	353
67	353
201	353
449	353
630	353
776	353
628	354
534	355
122	356
406	357
479	357
580	357
628	357
720	357
203	358
366	358
473	358
596	358
248	359
705	359
62	360
432	360
449	360
644	360
693	360
738	360
776	360
617	361
672	361
9	362
370	362
390	362
479	362
580	362
220	363
223	363
432	363
471	363
745	363
755	363
51	364
252	364
338	364
220	365
223	365
261	365
471	365
584	365
701	365
745	365
113	366
405	366
314	367
393	367
567	368
432	369
500	369
694	369
114	370
619	370
788	370
393	371
140	372
569	372
585	373
628	374
